ecgl	ecgnl
0.015808559	0.015808559
0.043081461	0.062312519
0.060314274	0.058055388
-0.021814238	-0.013115041
0.003305198	-0.000402888
0.084287237	0.044053743
0.057961321	0.014656819
0.067024591	0.066730178
-0.01378991	-0.023151669
0.063023518	0.036044504
0.050551447	0.028150858
0.096091544	0.084599849
-0.007264704	-0.050994619
0.014034533	0.017591225
0.098780808	0.021501968
-0.076315635	-0.096994658
0.121110882	0.083778732
0.179733398	0.163108941
0.024064216	0.012311479
0.095783812	0.039545702
0.03893532	0.003237244
0.087845974	0.046956731
0.050128015	0.010022839
0.078010262	0.025198677
0.187415233	0.112468519
0.045185153	-0.009527158
0.061692778	0.00531355
0.100193677	0.031585426
0.093009907	0.030030876
0.133050769	0.109893313
0.182770711	0.140764349
0.007458469	-0.008435504
0.079719431	0.018604184
0.175454355	0.086859942
0.135168057	0.051981949
0.251862448	0.180840337
0.208010623	0.173172043
0.169336208	0.129510267
0.199038394	0.139921992
0.158814596	0.105001073
0.245000453	0.170284063
0.283186527	0.198654603
0.213628424	0.159541835
0.317568258	0.259050773
0.289036243	0.206356754
0.248862735	0.177500088
0.240489472	0.211734554
0.305084769	0.258196966
0.24245351	0.193639867
0.257514922	0.219455686
0.41422124	0.352573975
0.288978726	0.220394344
0.396080156	0.301588229
0.38673911	0.305360056
0.445212831	0.354081313
0.364515262	0.311114159
0.247228711	0.171734473
0.36488021	0.262548744
0.398146715	0.340942703
0.422574178	0.338425469
0.530499132	0.433839884
0.467091935	0.416214051
0.462821309	0.380920783
0.424856827	0.370401415
0.362543853	0.299016785
0.539891311	0.479779451
0.46729121	0.403503591
0.39770971	0.329682922
0.478291573	0.42046638
0.458106974	0.39576918
0.439169239	0.353923373
0.507851991	0.398912995
0.375691614	0.330703435
0.361151367	0.290497053
0.345184571	0.262002438
0.409620629	0.323346275
0.397862987	0.302001232
0.426822151	0.347182654
0.28422444	0.241862294
0.38912896	0.298401787
0.320866839	0.225376495
0.44961908	0.382939019
0.349862065	0.278422558
0.403643745	0.337400845
0.367360804	0.292656762
0.364520007	0.305158556
0.295723685	0.193837081
0.360158642	0.306245008
0.378388564	0.307813062
0.227831737	0.123165075
0.295920466	0.210000459
0.249001181	0.178039958
0.279929878	0.210289967
0.237636512	0.151771196
0.296172644	0.200053991
0.300120332	0.20777559
0.294598602	0.181975948
0.213263978	0.155641996
0.162989507	0.088908137
0.185096676	0.148075922
0.196556466	0.110970305
0.156820681	0.064884814
0.196561059	0.117844006
0.145152759	0.101990562
0.158355174	0.122895424
0.276623611	0.163722731
0.195008597	0.143734096
0.275772242	0.181026845
0.152425036	0.080088135
0.148077329	0.074140462
0.176459238	0.113438917
0.274477499	0.188161433
0.256493542	0.185000576
0.167294433	0.114341668
0.15935049	0.091604358
0.119547147	0.046231501
0.227332598	0.156671667
0.206876381	0.125037572
0.146427253	0.065821698
0.13069892	0.108797989
0.090887113	0.034869907
0.217755453	0.148657918
0.199714537	0.119274535
0.294575774	0.210352099
0.142511995	0.061634347
0.240965905	0.178946852
0.236443245	0.138419279
0.188684009	0.136183238
0.207477287	0.168702029
0.269569564	0.193358791
0.167425334	0.080947273
0.287345188	0.201261249
0.152224662	0.075631752
0.166344913	0.083241934
0.172354764	0.104135445
0.271214616	0.175402328
0.176881182	0.085896954
0.222146841	0.156946515
0.24003181	0.161620659
0.233910736	0.149548309
0.26193916	0.170386604
0.143119777	0.084831555
0.280133619	0.194668944
0.232319497	0.150781394
0.260954755	0.182423693
0.179938992	0.097561331
0.205716868	0.150154268
0.261674116	0.192248428
0.278064997	0.199891282
0.192606171	0.145782579
0.061479043	0.032129276
0.112204808	0.044770675
0.142912418	0.085348947
0.150755086	0.088935713
0.09901096	0.047185486
0.002620574	-0.03179637
0.146113624	0.085860977
0.020568662	-0.047935778
0.021440336	-0.033471584
-0.07868812	-0.122726272
-0.136170141	-0.182882499
0.001831207	-0.040347548
0.048121499	0.029798915
0.171995171	0.121551254
0.12209141	0.056516677
0.09878083	0.054093189
0.300283006	0.268882071
0.30886439	0.25374921
0.301916381	0.236710487
0.366910652	0.317634427
0.406876197	0.357676386
0.551596965	0.508694282
0.558887413	0.532774755
0.607211982	0.567832298
0.678673583	0.620244213
0.653523134	0.619670743
0.811134278	0.762926793
0.815090965	0.783116346
0.849353327	0.805265358
0.880594005	0.861611812
0.924940266	0.918286131
0.912378303	0.931546148
1.108745739	1.065492584
1.185176912	1.150559546
1.298474912	1.257169591
1.24841967	1.211195962
1.061617164	1.07231665
1.076896141	1.050930449
0.979605307	0.917969408
0.90569216	0.865104134
0.808243586	0.79025522
0.719649122	0.708982601
0.708738952	0.696993711
0.57298754	0.549758294
0.58711269	0.566328169
0.498365473	0.50017342
0.445718282	0.43972205
0.32268777	0.314266576
0.308680302	0.273676468
0.29274026	0.260322667
0.117356091	0.100259835
0.000962173	0.016156343
0.054918079	0.041115654
-0.221868921	-0.245507977
-0.21237984	-0.215456578
-0.163907763	-0.143667564
-0.371771503	-0.361318467
-0.418856358	-0.438321509
-0.542795579	-0.544187775
-0.506398755	-0.515776211
-0.726594302	-0.733480072
-0.582398689	-0.597037553
-0.440125182	-0.457803788
-0.40901093	-0.415309433
-0.305664133	-0.313125801
-0.264415154	-0.267084738
-0.19709237	-0.168448136
-0.184226917	-0.195947067
-0.036713888	-0.049756774
-0.070489273	-0.068074116
0.105454869	0.120333588
0.11402327	0.13655625
0.212203991	0.255766221
0.184540728	0.197312886
0.239482594	0.241804679
0.28290083	0.279262362
0.109577788	0.128760052
0.108132423	0.135561863
0.154020775	0.138499743
0.287967372	0.273733387
0.279476428	0.252749398
0.157580902	0.198553488
0.260792446	0.309814845
0.221725028	0.242938542
0.140087294	0.157893983
0.174452831	0.187464032
0.1326728	0.170345875
0.255598013	0.288538138
0.175664724	0.211924055
0.113927772	0.184571785
0.166698102	0.215497064
0.171573397	0.203717308
0.246435202	0.289373565
0.252851254	0.271777902
0.239182914	0.264213601
0.239012523	0.271072661
0.226844334	0.253618848
0.205985759	0.205213699
0.234421007	0.280923033
0.224634197	0.213972456
0.196021278	0.202619871
0.184089939	0.203696796
0.216640458	0.302065273
0.250332475	0.308826458
0.098330457	0.173018873
0.20929051	0.254741598
0.204118579	0.275929738
0.173406716	0.233999674
0.280367379	0.30375415
0.20095178	0.279612889
0.16825451	0.260435984
0.170041279	0.241393379
0.241622349	0.30430106
0.269074473	0.314101303
0.238793956	0.296288045
0.193961449	0.262019855
0.263771875	0.321244467
0.144955015	0.23103738
0.226339092	0.284789734
0.303683883	0.348574409
0.203272636	0.270455274
0.194716819	0.238934672
0.303749017	0.379484624
0.221315175	0.271152899
0.208458769	0.306766188
0.174056527	0.24569091
0.239143263	0.301438211
0.215792608	0.311594898
0.184135578	0.289658328
0.217956075	0.30692102
0.268561442	0.352032092
0.170481101	0.222783219
0.203753938	0.304453443
0.134952809	0.19580173
0.209902377	0.297968221
0.297851177	0.394259799
0.253788019	0.345977123
0.256172194	0.299760315
0.184606436	0.28438071
0.270575537	0.328892336
0.268485766	0.356510281
0.204662084	0.305588586
0.308880163	0.386775873
0.175676523	0.266431316
0.112524648	0.208522362
0.186410407	0.272187003
0.194748161	0.300817626
0.237990859	0.293331078
0.173956776	0.270786778
0.297398394	0.381203493
0.153985429	0.234711982
0.171265518	0.29212322
0.195572495	0.269435276
0.210646075	0.295381212
0.166476922	0.286964671
0.24501407	0.345377851
0.144517789	0.270592465
0.198503751	0.282798671
0.219528012	0.330074361
0.287472635	0.380403262
0.123615825	0.234664027
0.310585188	0.418564283
0.161515954	0.285844183
0.238606979	0.363335789
0.268493825	0.388900097
0.338818354	0.408049207
0.220070798	0.321499283
0.245358284	0.354055672
0.240164861	0.350194274
0.259356873	0.333502256
0.268791482	0.382843492
0.281482143	0.392662867
0.224954545	0.362587634
0.265477962	0.392294079
0.376548393	0.524827865
0.278568181	0.396243165
0.29455806	0.437609309
0.281004137	0.384439887
0.274425304	0.386645653
0.267037186	0.401222888
0.311134724	0.452212823
0.226914065	0.38938067
0.223263792	0.342282981
0.323142735	0.443063814
0.283930937	0.424054945
0.368250648	0.465348773
0.332713454	0.461051387
0.369527969	0.498749738
0.370968268	0.512804133
0.278998092	0.406957257
0.243263971	0.402482923
0.361990058	0.509306224
0.338657873	0.504976822
0.276111277	0.44817192
0.377266443	0.562472743
0.390053223	0.507725925
0.326610492	0.517726439
0.426335394	0.530717685
0.422991214	0.560201699
0.408405446	0.604190977
0.355097403	0.511394621
0.29669857	0.43448654
0.39797868	0.568221238
0.326140687	0.467688525
0.393585862	0.572786651
0.320193621	0.477655509
0.448303587	0.578231337
0.305995263	0.459885653
0.303517926	0.441081912
0.379087245	0.54108615
0.243736593	0.421613899
0.365365132	0.520323033
0.339602958	0.504712273
0.347653972	0.472185022
0.274327251	0.458799081
0.408250952	0.575293545
0.251007933	0.450203568
0.317591711	0.455947467
0.256430592	0.415048314
0.273427963	0.417839123
0.24711798	0.42585861
0.371456845	0.537043124
0.279091071	0.428573171
0.227831863	0.410118201
0.252795606	0.418737741
0.267052384	0.4733949
0.183427163	0.368416827
0.279674956	0.462086802
0.165782069	0.360693262
0.203906367	0.417242903
0.152042007	0.328967809
0.264885635	0.443636048
0.276032243	0.448010467
0.209591973	0.375517051
0.218650596	0.422300633
0.229317938	0.41109127
0.276123938	0.461097845
0.244980345	0.40975435
0.284424206	0.455500752
0.191792066	0.397882185
0.143946876	0.371498795
0.193887112	0.402207477
0.221200081	0.394333194
0.2546927	0.448575826
0.203248995	0.401878026
0.153512086	0.362816184
0.188649149	0.397328833
0.276973212	0.464693656
0.202088868	0.384711456
0.184265709	0.372718879
0.25927005	0.455042148
0.234318279	0.411096887
0.183544332	0.388093119
0.167436309	0.369479916
0.110541481	0.332622084
0.21523019	0.41447569
0.184179257	0.391149126
0.198770192	0.423945913
0.141746459	0.336172671
0.275212347	0.476091725
0.269567281	0.435360197
0.136242388	0.333668688
0.267715139	0.465852981
0.171870296	0.38462111
0.19831648	0.430111081
0.192582032	0.426973119
0.168479012	0.373089945
0.093518362	0.274930012
0.240543401	0.445777765
0.208473947	0.402898135
0.16712199	0.391107057
0.23434634	0.442945635
0.167686075	0.388515964
0.225483964	0.457559552
0.230521806	0.432544873
0.15325006	0.376434056
0.186267112	0.468841497
0.27152761	0.451725449
0.266087496	0.491608293
0.172835626	0.385368867
0.15631365	0.386236289
0.229323786	0.447666296
0.23902311	0.466351658
0.251447272	0.475405828
0.203276892	0.435325464
0.178165609	0.42420539
0.235888427	0.469641055
0.316927879	0.536226626
0.253551563	0.483229209
0.249803594	0.444226848
0.24721718	0.412274297
0.224321747	0.466987532
0.173219217	0.418794776
0.20616086	0.455922282
0.235131004	0.48391241
0.260139657	0.492213647
0.25292651	0.476406896
0.289053851	0.516896714
0.283936791	0.541560247
0.153603647	0.355116762
0.148675806	0.362065791
0.153052012	0.405867938
0.114743002	0.353103646
0.192293457	0.436144997
0.202307508	0.438179962
0.220565854	0.4685213
0.221342109	0.471308095
0.191163426	0.423691572
0.175634577	0.418334276
0.262492978	0.499670128
0.197258343	0.441902737
0.15245364	0.393439791
0.229238828	0.463515373
0.222102134	0.474206602
0.232680647	0.444448725
0.271348408	0.499178059
0.182802094	0.478289107
0.203283331	0.457357844
0.238420611	0.466798271
0.269937471	0.492909091
0.178288902	0.448929131
0.21205026	0.419252664
0.221482861	0.465220787
0.207054378	0.480457393
0.248219682	0.500471416
0.21735925	0.474493824
0.241001356	0.454131753
0.21907134	0.507816781
0.211877896	0.473323578
0.282410694	0.520351221
0.24532287	0.476509863
0.202781269	0.481685394
0.259003021	0.478406966
0.162645916	0.437938086
0.173548474	0.438652423
0.183207612	0.437938966
0.344964273	0.576241492
0.240543018	0.477990551
0.287337798	0.536020583
0.275902973	0.507457817
0.323680958	0.583964015
0.320080426	0.538353599
0.183473706	0.431651808
0.190496064	0.477638043
0.270902097	0.53958232
0.239815108	0.510409279
0.33650541	0.610259772
0.25739257	0.495605483
0.145556757	0.421406797
0.270247119	0.522204166
0.200771572	0.455409056
0.236818183	0.504745106
0.306928229	0.557449041
0.253242826	0.520229058
0.3048713	0.521075421
0.213917012	0.497505944
0.25301382	0.501319119
0.240945125	0.504760071
0.113019604	0.37123789
0.243286552	0.53212412
0.325653011	0.563246092
0.199831047	0.450125462
0.207293298	0.440182063
0.306047141	0.54860442
0.172388998	0.443451099
0.156374276	0.436130495
0.295125199	0.560822785
0.244687498	0.48993323
0.308280791	0.586165872
0.199752711	0.460580874
0.195966457	0.495749845
0.263936019	0.539825603
0.309622551	0.556481673
0.313549483	0.553669305
0.312387816	0.541133812
0.273067993	0.521344088
0.255594275	0.505146867
0.282963763	0.559405141
0.22076846	0.517312824
0.321844635	0.559008606
0.34721198	0.593586496
0.179708394	0.428007981
0.396684594	0.640879374
0.263130733	0.529233139
0.401892501	0.63683986
0.420522198	0.658777343
0.254662643	0.517933126
0.340548307	0.61040624
0.526466945	0.785053109
0.366970405	0.611189568
0.421787181	0.656415823
0.420972065	0.658826742
0.420345078	0.715858381
0.465400039	0.717169778
0.306462775	0.625502328
0.37144833	0.661080693
0.435775362	0.710347474
0.443702061	0.700447063
0.58153644	0.840296757
0.485630214	0.745661085
0.518983822	0.75578549
0.447046224	0.702206596
0.449069476	0.688896056
0.545227148	0.804159113
0.48912841	0.764769579
0.536254507	0.8172712
0.520193187	0.753420637
0.584504596	0.849972844
0.477290647	0.724681611
0.646755646	0.903870896
0.61067272	0.878042547
0.603817972	0.851406047
0.524479128	0.79802402
0.608199675	0.846383102
0.658247403	0.889155394
0.727060686	0.947010941
0.60240981	0.845125179
0.734346429	0.971740389
0.797005401	1.037208412
0.589862995	0.865854111
0.64789171	0.905878954
0.594249442	0.841395043
0.502001057	0.780231234
0.671747282	0.93142426
0.601057579	0.884424377
0.555891715	0.816001874
0.588901652	0.839025301
0.565908436	0.813684784
0.503268997	0.743907708
0.43020005	0.664696752
0.540039605	0.798259388
0.5348515	0.76932868
0.522649523	0.755438892
0.477383757	0.733791978
0.426217325	0.677047829
0.499014223	0.733642283
0.505716971	0.759619817
0.423400394	0.690276688
0.495448219	0.757711128
0.448652631	0.713365746
0.440482979	0.713752141
0.412521712	0.63918877
0.371485025	0.664242805
0.462161668	0.714789363
0.398691402	0.646605057
0.439906209	0.68600276
0.514432434	0.768635313
0.421144213	0.701322643
0.445023603	0.705246868
0.493624329	0.763214238
0.459814728	0.694786704
0.389450386	0.645723179
0.474644976	0.713217803
0.311213228	0.560241758
0.311574151	0.570182737
0.442222242	0.704020695
0.35015854	0.624639045
0.336248544	0.598632448
0.364189914	0.622461792
0.337268222	0.58516199
0.345545018	0.582585709
0.336305534	0.57666083
0.339674165	0.56711686
0.303205835	0.546445881
0.366102681	0.589455638
0.315459278	0.562529579
0.413334001	0.662172352
0.374339816	0.600671694
0.402995628	0.638779955
0.340482018	0.579535371
0.330839277	0.581265112
0.40302476	0.647070775
0.398261155	0.656400908
0.339453764	0.583437021
0.429433928	0.665229655
0.395852825	0.603207946
0.349018071	0.596663799
0.439857688	0.686653094
0.419269191	0.652653084
0.385536586	0.620047609
0.356833977	0.593613348
0.311046803	0.545397038
0.288354251	0.565371134
0.451782963	0.661047681
0.24498951	0.467688116
0.292776498	0.535730346
0.309789703	0.556954828
0.325249566	0.572624511
0.208180796	0.474832527
0.351776498	0.589295677
0.389971412	0.598144662
0.250675617	0.513467093
0.280426659	0.546325262
0.266481476	0.497428138
0.38125497	0.638148633
0.339278275	0.57441254
0.298137183	0.5420081
0.287433889	0.507095665
0.320750314	0.557117246
0.410467837	0.635213992
0.319360575	0.537568825
0.296322009	0.514276179
0.193595351	0.409398787
0.219763164	0.450529854
0.180130211	0.453837364
0.10007721	0.318763361
0.175333096	0.417054937
0.244813952	0.456718821
-0.020109918	0.228356836
-0.025127961	0.175726161
0.009485087	0.248234474
0.107120113	0.340345403
0.137306238	0.348832047
0.223558315	0.395517013
0.217149054	0.454291004
0.26944856	0.451261135
0.265665253	0.472821195
0.450438955	0.684619864
0.470307438	0.670698504
0.436625432	0.647212791
0.587148984	0.810915481
0.520326076	0.742775488
0.598010622	0.85208098
0.730144538	0.945733492
0.716100094	0.917184458
0.786541477	0.992272223
0.844775364	1.061752784
1.020064974	1.208415283
0.967384643	1.18427321
0.995933874	1.191881861
1.020383333	1.251103649
1.08816265	1.298884158
1.228333702	1.428759957
1.208715424	1.399730396
1.220940606	1.424889052
1.329892935	1.527030944
1.25755502	1.435708379
1.227881299	1.40554309
1.126220051	1.33929401
1.074736905	1.271117853
1.005177723	1.174561826
0.903026812	1.099271576
0.890044853	1.088248562
0.690822031	0.860524147
0.64712135	0.826600639
0.474955236	0.684653547
0.54510279	0.740816761
0.403864451	0.621364696
0.331544275	0.530761797
0.209627714	0.385118699
0.187338716	0.405781763
0.137602571	0.309064233
-0.019035645	0.179752078
-0.089195983	0.115060103
-0.143923261	0.060273563
-0.220001601	0.01129858
-0.32296739	-0.133183917
-0.34453311	-0.134404616
-0.388936262	-0.169080045
-0.478811468	-0.293257442
-0.580266543	-0.383884814
-0.456652557	-0.264861675
-0.336589769	-0.156098546
-0.343421636	-0.164567687
-0.284963204	-0.096657646
-0.262365937	-0.076197812
-0.171951077	0.015622669
-0.020177439	0.163718459
3.11E-05	0.196656257
0.106273575	0.309482315
0.174959234	0.373664364
0.263095492	0.42787393
0.3419731	0.516332641
0.397759665	0.553359847
0.356090529	0.505213719
0.309738548	0.496857414
0.280501917	0.472598469
0.204527568	0.411818122
0.274458745	0.447869943
0.334125646	0.488596347
0.278482133	0.415918867
0.329105461	0.494085506
0.311098661	0.485993188
0.313763279	0.474049871
0.303088232	0.483306782
0.307554723	0.468612489
0.301934677	0.465504825
0.279553413	0.46535592
0.344614229	0.511452827
0.30971209	0.45964471
0.201535095	0.33129529
0.291916681	0.438231334
0.353990159	0.47152357
0.339581057	0.508897453
0.378314675	0.529113816
0.255318647	0.41221067
0.346858745	0.496513511
0.296373916	0.469552383
0.293659297	0.446423942
0.301221287	0.457265829
0.297570191	0.453810569
0.306324521	0.461419335
0.313460175	0.465466942
0.273503546	0.419196451
0.280732797	0.399710141
0.34793587	0.499434728
0.296301487	0.439344824
0.345354013	0.520245698
0.265251178	0.402495826
0.279823082	0.418184373
0.36621777	0.518141441
0.386060329	0.516644305
0.251277462	0.394000139
0.313544956	0.454962043
0.353309584	0.510878251
0.393214652	0.509644769
0.226538903	0.377950459
0.392503314	0.522300244
0.345091291	0.473649892
0.335571557	0.45112128
0.313545903	0.427661406
0.234848672	0.389826795
0.341028006	0.442063614
0.309314343	0.423662351
0.407416653	0.5511918
0.300831674	0.444374471
0.294486484	0.425387539
0.300154898	0.432542552
0.300475417	0.401793332
0.435997036	0.535206499
0.348345779	0.462653961
0.336777612	0.433733708
0.371105145	0.485338625
0.337863281	0.426705123
0.332717195	0.422660389
0.260273227	0.398903034
0.299679819	0.395145333
0.401568086	0.505334198
0.348265185	0.462717564
0.335657097	0.42782572
0.390968311	0.507883258
0.304878661	0.423033248
0.341109533	0.435539951
0.242430764	0.349229104
0.341488869	0.443173996
0.26666408	0.346230621
0.257033208	0.368368828
0.368937064	0.464438058
0.349826757	0.433716535
0.250272762	0.371727512
0.299626125	0.394621486
0.327188579	0.426535894
0.338192975	0.423901627
0.238004388	0.326514579
0.258921216	0.350985101
0.213846325	0.321813435
0.334058064	0.406020789
0.263314548	0.322775884
0.364753134	0.443111942
0.286745833	0.356930735
0.266060897	0.351069048
0.402362661	0.495104639
0.432762349	0.512882106
0.249322498	0.362985277
0.357271229	0.405569366
0.447299112	0.509044738
0.27147151	0.387353913
0.399363491	0.503715114
0.396847902	0.462303032
0.348513708	0.427561352
0.335301684	0.410601737
0.410792754	0.516388161
0.400853489	0.47075591
0.339378499	0.407037886
0.404360856	0.461785095
0.303288649	0.401723391
0.409113602	0.456541433
0.441244215	0.52916076
0.418309077	0.482631936
0.387414082	0.421528885
0.443747106	0.480384141
0.377260161	0.431567492
0.53122031	0.570896059
0.300911692	0.383718036
0.401786851	0.443900329
0.479761088	0.518921066
0.365951579	0.442804037
0.435864292	0.488188194
0.526722856	0.52349324
0.523590433	0.55712411
0.424655675	0.451357865
0.454402791	0.492690674
0.408660544	0.481073626
0.416357428	0.502418269
0.481565673	0.530076981
0.418098205	0.484144566
0.485110061	0.558553779
0.497209177	0.543355518
0.46832408	0.501876871
0.546812206	0.542763691
0.523684918	0.572704764
0.53084197	0.567676087
0.560662928	0.545958479
0.4468106	0.503825408
0.440576387	0.470597705
0.46810898	0.507335157
0.460996278	0.467350441
0.439301906	0.468580213
0.521061625	0.525952605
0.525700044	0.546590447
0.485785235	0.498558084
0.505775309	0.565957313
0.341150485	0.381358575
0.402678056	0.453482778
0.398267182	0.451639947
0.518416587	0.52212933
0.461130896	0.460993979
0.391986103	0.414265617
0.414551931	0.452695765
0.455390267	0.451634414
0.443736391	0.423170804
0.306539188	0.307193036
0.424289423	0.454248209
0.201749567	0.223044378
0.400586917	0.397623258
0.300462351	0.309109509
0.375294461	0.363447844
0.418548531	0.445658571
0.369046942	0.344584256
0.449837894	0.460644293
0.380170913	0.398233146
0.315395067	0.341517169
0.318897027	0.303190649
0.311181396	0.318099426
0.35168352	0.356146585
0.208113172	0.213422548
0.343553454	0.36089515
0.332810191	0.342308197
0.370974846	0.367471099
0.477590171	0.42709607
0.307518067	0.306726422
0.297596544	0.272079423
0.370203614	0.378281144
0.391666855	0.36222147
0.339662336	0.308538699
0.312939688	0.284204601
0.347594984	0.324516885
0.234138635	0.253774805
0.327019642	0.311761551
0.30609384	0.274753488
0.248226869	0.263877233
0.364813561	0.351433189
0.349678927	0.302745861
0.391857318	0.366976134
0.29585166	0.243295492
0.327708076	0.307820354
0.294343257	0.241690936
0.356235505	0.323935882
0.4011454	0.35725171
0.34489358	0.342174554
0.187419279	0.184230877
0.366857885	0.323086443
0.316491259	0.288435464
0.303665705	0.303713666
0.287249455	0.258629362
0.234247024	0.202450783
0.351677402	0.328639664
0.274069825	0.257647223
0.312530742	0.265510443
0.339941264	0.28941769
0.435824048	0.406837002
0.466418958	0.393681333
0.24980735	0.212066954
0.262393638	0.253293263
0.375767166	0.3253691
0.238786618	0.171348678
0.350641816	0.336201306
0.348404611	0.257238021
0.390992795	0.3419647
0.266614724	0.22700593
0.286841679	0.223876377
0.432445964	0.384720145
0.376135492	0.29740066
0.339033874	0.251511618
0.285287496	0.214351793
0.383468882	0.320167537
0.311673663	0.281105447
0.2003822	0.149800339
0.2843523	0.216835709
0.437839648	0.409501448
0.307857435	0.259411685
0.232759078	0.159023047
0.260928158	0.213599234
0.293767969	0.23600488
0.371162077	0.290728918
0.326278688	0.246862365
0.338297339	0.259078832
0.378990833	0.252107077
0.296679791	0.203983645
0.376551712	0.309640282
0.314426239	0.231736366
0.331975164	0.225829468
0.378076094	0.257749479
0.342712818	0.243652675
0.290945428	0.219923493
0.35286299	0.251354988
0.45002828	0.349650924
0.370793282	0.270064055
0.299608273	0.209245736
0.285814012	0.197523564
0.323852854	0.228055105
0.24329276	0.160200634
0.437453675	0.329287561
0.343686947	0.247213374
0.303158669	0.17783021
0.355845787	0.241030491
0.267459711	0.161824081
0.391061865	0.262117302
0.34381215	0.222926727
0.344624587	0.233100489
0.335806311	0.248092097
0.405465834	0.271685731
0.293314383	0.187511399
0.256145379	0.153647467
0.332137339	0.220805188
0.317148512	0.18385433
0.360745793	0.245249071
0.221855722	0.130265781
0.374829017	0.264928754
0.33690722	0.236319683
0.276891093	0.164421912
0.297209111	0.203137964
0.387297561	0.259893133
0.4529067	0.338323266
0.303436865	0.198445528
0.396329594	0.284098092
0.321419587	0.170967227
0.325672394	0.223344524
0.338760119	0.201625138
0.359989395	0.228012852
0.291001843	0.185094393
0.269692709	0.137930267
0.308095351	0.194461292
0.379020358	0.228983155
0.326215422	0.180692811
0.329115407	0.195782588
0.341163964	0.22409995
0.357585671	0.229961412
0.294551722	0.165320339
0.334854399	0.187581401
0.409989323	0.243529921
0.373688039	0.215811399
0.266119637	0.131151913
0.382589433	0.27521371
0.297743467	0.166261656
0.315854007	0.161438319
0.25176166	0.124460486
0.339012247	0.189431996
0.369345723	0.189051382
0.361832751	0.177324531
0.307425078	0.150754365
0.298683989	0.108979557
0.508762118	0.34190481
0.436386328	0.265595878
0.340769937	0.171877647
0.332404705	0.183356635
0.370294564	0.206319032
0.358595157	0.187040481
0.344456208	0.158402734
0.344953195	0.232895834
0.276096022	0.128551629
0.476098343	0.282602752
0.27579019	0.095852742
0.339510777	0.167120872
0.405809251	0.226190572
0.381694141	0.187730105
0.258477451	0.105954969
0.407249759	0.226472844
0.323880341	0.187816702
0.315643089	0.138194287
0.37623991	0.198386707
0.417533008	0.215282447
0.458352685	0.294877351
0.379343083	0.189147031
0.386825846	0.187306645
0.35234013	0.18495746
0.310889826	0.12202858
0.437342318	0.252628355
0.313389958	0.132019554
0.405417065	0.229429028
0.411161544	0.237350092
0.466340363	0.301539724
0.308898438	0.128904205
0.493306106	0.321547813
0.448394713	0.257862142
0.451206093	0.227355041
0.487468167	0.299750536
0.534201355	0.320034866
0.500920054	0.295338238
0.475175349	0.25125638
0.591094749	0.39323062
0.548045374	0.350957507
0.51105846	0.31392741
0.595156199	0.41827034
0.626952853	0.383991289
0.485283932	0.310437781
0.615025171	0.413046854
0.498601112	0.300402411
0.55353286	0.345463958
0.593152505	0.414113947
0.659577271	0.435280718
0.63534632	0.426423194
0.540694608	0.334427766
0.720534359	0.480195988
0.736980314	0.510528533
0.762375243	0.513988612
0.676636454	0.43528576
0.657454299	0.452288172
0.622968866	0.410930559
0.707274695	0.464131763
0.664944684	0.454046918
0.611461954	0.392685942
0.67939333	0.467056369
0.684203682	0.453506183
0.678462064	0.433573824
0.565097824	0.352863506
0.528833943	0.313430841
0.648326468	0.402786395
0.694047427	0.432355184
0.53286402	0.285307261
0.431292653	0.229223308
0.630431381	0.401257383
0.554033208	0.316187576
0.602003543	0.367980718
0.57118082	0.348185275
0.42726399	0.227799894
0.516676622	0.256954108
0.484436273	0.226620167
0.519219222	0.267170446
0.537344018	0.306320771
0.453906587	0.240624156
0.374876258	0.122641976
0.503554664	0.279228131
0.445159051	0.207416062
0.442639868	0.174124855
0.345494887	0.081762074
0.434334108	0.195436197
0.432598898	0.178818347
0.407480246	0.173307491
0.325009931	0.092294482
0.344914203	0.099508833
0.304613254	0.080019795
0.49409516	0.205033026
0.326786925	0.0644544
0.332420173	0.094454779
0.312626461	0.058598929
0.421788203	0.147459317
0.352717791	0.100124394
0.355612522	0.103194151
0.418855297	0.145340012
0.419378248	0.130946834
0.412513621	0.135299163
0.251670476	-0.011820528
0.376947636	0.104628759
0.403865368	0.140762324
0.363364128	0.108763523
0.386492253	0.135170351
0.444664276	0.194954778
0.399532412	0.150140461
0.297834152	0.030367608
0.280233095	0.043838414
0.344582493	0.078069501
0.290561978	0.050844655
0.343361818	0.07784248
0.395395592	0.142011386
0.328458912	0.052853226
0.356980887	0.063932048
0.306553398	0.065672775
0.369992897	0.109594987
0.387805464	0.126526598
0.3339574	0.066027242
0.330612168	0.056462071
0.378137047	0.117811642
0.380768882	0.106111883
0.393694143	0.093172689
0.515296871	0.230889155
0.340393529	0.067980027
0.371642624	0.082274506
0.354849409	0.05984998
0.343111076	0.093663354
0.317747426	0.03540811
0.437282673	0.110859176
0.439431117	0.150744721
0.354251728	0.062369783
0.374260985	0.053504913
0.293536368	0.027563649
0.338844398	0.030873987
0.253789551	-0.031808266
0.347034626	0.049498227
0.312390991	0.006932797
0.376677003	0.086600427
0.286737318	0.004403788
0.280877939	-0.0278358
0.306379888	0.012151043
0.125924414	-0.173753143
0.214561226	-0.095682166
0.124893433	-0.192254152
0.096239811	-0.198721617
0.100436814	-0.180825264
0.133691225	-0.176356733
0.03856525	-0.289966714
0.120759674	-0.169952757
0.239725484	-0.07416428
0.193659263	-0.139313431
0.2083727	-0.095640029
0.316766284	0.003906555
0.391181479	0.086362486
0.394919959	0.105617334
0.407801352	0.11525146
0.497069979	0.212350597
0.57420741	0.267472077
0.632331373	0.285415977
0.618434354	0.302145004
0.7753932	0.430462813
0.755234301	0.460074771
0.795474094	0.491596481
0.878006926	0.528709313
0.873953822	0.585780361
0.907977405	0.617962375
1.016600219	0.6598428
1.162892149	0.825644455
1.123814147	0.800825412
1.097254757	0.776972158
1.23157962	0.889537108
1.350944564	1.017493792
1.324298075	0.988092301
1.379907577	1.029307562
1.175207234	0.826905416
1.081755615	0.753673438
0.962111275	0.665106043
1.052492399	0.700395316
0.843994303	0.538638765
0.790163106	0.513949865
0.67049045	0.336119173
0.645764452	0.315332329
0.61873397	0.302368382
0.462624224	0.130827378
0.479988202	0.122794338
0.410207467	0.07314896
0.385171357	0.060091827
0.263253734	-0.070335472
0.171363735	-0.127613984
0.037816343	-0.265221224
-0.03692051	-0.349008655
-0.07856554	-0.389803453
-0.130930557	-0.509852575
-0.134805447	-0.481641869
-0.21568956	-0.571513646
-0.30382731	-0.634739626
-0.369687849	-0.692384526
-0.4794723	-0.833378977
-0.43914302	-0.785925674
-0.329135509	-0.659870912
-0.253653343	-0.557639303
-0.119175743	-0.501403091
-0.044646591	-0.42612797
-0.006907034	-0.327185004
0.050440665	-0.316809374
0.136547035	-0.20045617
0.140773985	-0.190338053
0.243974715	-0.079355491
0.217448954	-0.118094365
0.448713602	0.100105303
0.252613986	-0.064559085
0.384403796	0.035655336
0.325555457	0.009248268
0.313975516	-0.030204125
0.374765066	0.045722589
0.4205878	0.04672968
0.437136023	0.101864249
0.38471356	0.039333182
0.421553875	0.062557697
0.39386592	0.047016944
0.449442071	0.109432355
0.410550328	0.093762753
0.383723964	0.038953966
0.421838501	0.045824247
0.491875283	0.129765373
0.361088028	0.030006457
0.459981863	0.086065949
0.353000018	0.000434841
0.378093308	0.007441533
0.449276728	0.089864224
0.390823142	0.0803266
0.438085858	0.102002211
0.408484287	0.018624282
0.456997358	0.102369577
0.407951867	0.061252644
0.41635395	0.051468911
0.510906041	0.139486143
0.473954779	0.128067348
0.31188471	-0.055152537
0.412467598	0.076412089
0.365482726	0.01726181
0.395838791	0.04598259
0.397049964	0.030433966
0.546205817	0.144556519
0.502288797	0.126572411
0.439494696	0.093469186
0.433207815	0.102062294
0.440485881	0.090985835
0.498971874	0.103463122
0.459527337	0.083014656
0.407493532	0.062711237
0.491838493	0.098208977
0.409016917	0.058513984
0.422599772	0.055476682
0.417147959	0.062894522
0.441622746	0.073161195
0.434591841	0.079155422
0.561254215	0.206529993
0.375104376	0.019964314
0.439820279	0.028725191
0.42650551	0.095801908
0.473848262	0.082154656
0.411736405	0.049363953
0.486470699	0.103407095
0.519021649	0.125893539
0.375243785	0.03174417
0.458262401	0.07022315
0.395929513	0.027407435
0.450557714	0.097167895
0.476110634	0.10236523
0.502410832	0.129490256
0.423525218	0.042229393
0.496189135	0.112608648
0.461521704	0.09175487
0.560911125	0.169704221
0.499385789	0.116630161
0.47805934	0.075619836
0.498006046	0.092218689
0.445890024	0.078040535
0.550464247	0.177988873
0.481422001	0.08166908
0.447303529	0.028068546
0.504508851	0.099534422
0.547298121	0.167957998
0.529054425	0.145133636
0.533561828	0.121359554
0.561495725	0.203611866
0.461877224	0.086142271
0.494797726	0.129665915
0.483530372	0.074308678
0.436270658	0.079690782
0.474524774	0.103055876
0.537243101	0.153839972
0.614447006	0.225351709
0.538624729	0.163778713
0.434214644	0.071464007
0.492685638	0.11594636
0.476799725	0.099668234
0.474153603	0.113929489
0.546213769	0.188774497
0.53837387	0.149818906
0.584638566	0.186000563
0.567754536	0.172067133
0.492995594	0.107722926
0.572386276	0.199380827
0.443407519	0.090793201
0.569632937	0.203774785
0.573106469	0.199239875
0.610338447	0.229752141
0.500857405	0.109216299
0.566926245	0.175494278
0.595666242	0.192044429
0.595931934	0.201639041
0.60560278	0.245911992
0.646074282	0.242601565
0.612119011	0.245640337
0.606158975	0.227438761
0.681389167	0.307785454
0.614365032	0.213202755
0.593417619	0.239987712
0.612284004	0.211568402
0.616917299	0.242799301
0.659448837	0.287627787
0.557907477	0.195454001
0.644441786	0.271840315
0.595761237	0.231025559
0.684047213	0.312658397
0.593620671	0.180442753
0.572418732	0.186408347
0.739617153	0.370871927
0.701430449	0.28765894
0.604636359	0.202189231
0.619868568	0.221768454
0.686917156	0.307201938
0.736628367	0.33239002
0.717374017	0.339370689
0.756689651	0.38131569
0.719256657	0.340140485
0.696645084	0.314346533
0.767026508	0.364935864
0.8197996	0.410018474
0.654812766	0.302937304
0.666875471	0.284103729
0.705825366	0.34258101
0.676187832	0.259823293
0.630096852	0.205557879
0.648452012	0.268914776
0.69109062	0.281029675
0.674471071	0.270583437
0.602662339	0.201916822
0.634034297	0.222501342
0.621157324	0.212901299
0.687223057	0.289155736
0.608227612	0.229390293
0.686826113	0.262927836
0.628622649	0.254910686
0.60206181	0.209887213
0.502111056	0.114999601
0.64096977	0.226713768
0.656381131	0.238291642
0.580340793	0.159991622
0.614017429	0.191302902
0.530862889	0.164592874
0.668265932	0.26627013
0.569219822	0.174202236
0.562723047	0.180453892
0.510978681	0.112394799
0.511222753	0.1225441
0.456251027	0.086011795
0.563742343	0.184796511
0.549035131	0.173253881
0.473142521	0.096007576
0.668823342	0.276331367
0.575241185	0.17609882
0.524170161	0.148624399
0.586508193	0.22233704
0.376067699	0.001936364
0.525749686	0.11836047
0.532397422	0.119872535
0.496088442	0.129296237
0.467842457	0.065576599
0.528340292	0.142153572
0.379612549	0.003022188
0.518337721	0.117441844
0.499625319	0.132209393
0.474056726	0.10640715
0.512399842	0.124865176
0.415414977	0.066657734
0.509408847	0.130511715
0.450769722	0.082496529
0.37585175	0.01646336
0.459397043	0.082102775
0.460610257	0.064809951
0.43140605	0.042770441
0.557110454	0.118249926
0.485437138	0.094023656
0.455286402	0.078263488
0.471537738	0.062613204
0.579911445	0.172829697
0.522417506	0.146650144
0.469788597	0.077546934
0.461346336	0.090328632
0.547641281	0.160628005
0.561625643	0.173663536
0.574548122	0.138131027
0.473541872	0.065707627
0.422407284	0.051859254
0.482781696	0.117579362
0.41554431	0.035813284
0.425282456	0.024456221
0.49057262	0.05923816
0.505282054	0.123793979
0.473191782	0.082964083
0.448091896	0.08624709
0.546896412	0.129237484
0.488977723	0.083731396
0.425006317	0.014071876
0.520009163	0.112104682
0.444211269	0.092817092
0.47905214	0.063580516
0.437937339	0.046348219
0.419258374	0.038770835
0.447265543	0.063799666
0.438288958	0.023974317
0.467889994	0.037390482
0.400295005	-0.012333769
0.463474534	0.035067905
0.406511601	0.025338547
0.449245272	0.087882589
0.514655179	0.130748348
0.478764384	0.108774242
0.477616902	0.108341174
0.472574686	0.088810527
0.442488548	0.08132973
0.463367196	0.090499434
0.404123649	0.015508051
0.485572496	0.092660122
0.364735163	-0.009927522
0.464959936	0.079938674
0.395951518	0.006379368
0.381295334	-0.001524741
0.427187106	0.02332446
0.351379749	-0.020135375
0.443377176	0.04479874
0.517895341	0.098532959
0.452061014	0.029531305
0.44424569	0.065785082
0.446871951	0.048101875
0.4685628	0.099591049
0.427827456	0.030084221
0.406380371	0.051648552
0.5128512	0.15938572
0.461662399	0.092311688
0.338165743	-0.012692156
0.486340414	0.088989603
0.374334947	-0.014211337
0.438174891	0.031495348
0.43730991	0.044468343
0.471982759	0.072500152
0.374650995	0.008136911
0.457267354	0.053892889
0.499730956	0.114486834
0.302131481	-0.07027425
0.378258572	-0.029837406
0.482758514	0.082747045
0.388406508	0.007302577
0.409236876	0.019091109
0.443044294	0.066196728
0.497336827	0.130153057
0.34096686	-0.04709477
0.34974377	-0.028449542
0.387692831	0.012124992
0.405378604	0.015025522
0.392652579	0.019342772
0.373425225	-0.002623227
0.488640502	0.072982334
0.30214067	-0.03447807
0.386666282	0.020198832
0.414603605	0.058487372
0.448739471	0.026759979
0.351727864	-0.02410631
0.425467759	0.01202775
0.373106364	-0.010869802
0.355372296	-0.025984193
0.426944409	0.070657696
0.350197209	-0.007883383
0.349939602	-0.027900098
0.32970042	-0.036798475
0.428351199	0.00833332
0.284273389	-0.071245322
0.32840914	-0.077487824
0.402003009	0.015738368
0.313525777	-0.057121612
0.34511584	-0.011352207
0.410573155	0.048683766
0.420260796	0.057294487
0.43890702	0.089687153
0.369655032	-0.036744379
0.417139357	0.057842427
0.38346637	0.032544808
0.455457777	0.080175792
0.404854818	0.029835157
0.407484301	0.060860436
0.442816392	0.078345085
0.380557391	0.0020618
0.399897734	0.000867467
0.324680543	-0.041258336
0.413153552	0.022092459
0.385418995	0.045513141
0.355671141	-0.008142721
0.408923526	0.033889123
0.336621552	0.013740794
0.386640088	0.011249747
0.431149593	0.073074118
0.424159132	0.076197311
0.48741505	0.094069657
0.359050094	-0.016320167
0.38645325	0.032395089
0.434626454	0.073229163
0.325553996	-0.014017685
0.504146471	0.157173158
0.477657585	0.082679537
0.461359312	0.053946623
0.525125474	0.143019156
0.47222775	0.12041615
0.490247678	0.11720288
0.442857936	0.087911489
0.395153742	0.043832076
0.47890835	0.0941041
0.524705543	0.120181645
0.555052163	0.185270457
0.587088309	0.20354977
0.493310118	0.143740617
0.592338115	0.23459525
0.59267137	0.236738082
0.596114877	0.207272978
0.529134074	0.17616737
0.640500638	0.278511604
0.610811544	0.237604316
0.555714212	0.20359693
0.618817698	0.277066328
0.656306332	0.300812035
0.556882275	0.211732078
0.736532102	0.38831463
0.573888281	0.19772254
0.589629847	0.233594099
0.761012948	0.38673768
0.682167328	0.351976215
0.679519533	0.324452653
0.688390707	0.3566589
0.758734712	0.402825811
0.665307924	0.33303954
0.794787107	0.433029448
0.80317055	0.431668098
0.750649747	0.404725534
0.76569771	0.408362817
0.729938739	0.359183321
0.70588364	0.339610018
0.708490674	0.35482425
0.736688754	0.417504519
0.688799052	0.345912289
0.638734825	0.327136376
0.636050142	0.292573362
0.644852218	0.276683568
0.685844629	0.326281186
0.767181722	0.369006325
0.715724012	0.370387764
0.691535595	0.328641739
0.627467234	0.277000044
0.594981696	0.265890982
0.642382273	0.294372064
0.650307937	0.31478154
0.63647058	0.308440999
0.479557011	0.145601823
0.582585023	0.241043995
0.584807934	0.186847395
0.537491471	0.203443199
0.63591162	0.305586231
0.500987957	0.171767561
0.461472954	0.118273406
0.568844036	0.203133841
0.498945228	0.179877818
0.449863711	0.157143161
0.553340412	0.213713026
0.550658393	0.189865727
0.464272171	0.172174381
0.486675447	0.131350049
0.518965959	0.154521875
0.456705965	0.1142708
0.429234261	0.12995927
0.479689977	0.141304549
0.479059387	0.13027321
0.434117423	0.080464761
0.438778024	0.088071202
0.414434438	0.063729769
0.524474445	0.166417643
0.427156437	0.116066499
0.440589245	0.085335007
0.451818137	0.152888018
0.4289195	0.0942748
0.4825504	0.142932509
0.55177664	0.197279778
0.481669194	0.169151631
0.450293933	0.115071453
0.475990624	0.118203451
0.560022502	0.221567436
0.462175829	0.116986957
0.470339113	0.141401094
0.460617679	0.143457872
0.522917887	0.174216041
0.479719379	0.139554539
0.497229306	0.147918213
0.46448676	0.146529063
0.593302841	0.265687463
0.522781733	0.175856502
0.393240297	0.089044328
0.409113743	0.072812249
0.38769583	0.053758383
0.582319159	0.227320163
0.457978355	0.095185621
0.535649446	0.186554457
0.46433554	0.164454338
0.351382535	0.062242863
0.535049493	0.240537948
0.503143122	0.167825557
0.541739073	0.232033649
0.457310582	0.158974524
0.467121533	0.151636144
0.409142705	0.092507926
0.437128875	0.146169583
0.470124824	0.151961545
0.365204865	0.069868536
0.445685061	0.145790997
0.489844301	0.155715024
0.417145089	0.112310926
0.470748489	0.169714398
0.433838558	0.089368445
0.430607157	0.096118621
0.426977139	0.10488132
0.363261435	0.044162763
0.364485026	0.070313152
0.304046362	0.005888829
0.282079613	-0.044870628
0.332129057	0.020220681
0.277788836	-0.021551056
0.302855229	-0.048179269
0.229598773	-0.067685939
0.218505148	-0.076664566
0.273028234	-0.025066634
0.239321439	-0.020400219
0.325287568	0.007927176
0.404928769	0.077433288
0.513925149	0.197384462
0.409343214	0.128123944
0.492142595	0.212322677
0.666826567	0.345233227
0.678725177	0.387893307
0.699477436	0.373341834
0.72011898	0.440303182
0.808059444	0.495379683
0.824047862	0.541925011
0.776207029	0.486057883
0.926112037	0.639379621
1.053498757	0.728724206
1.203560777	0.888375371
1.047685761	0.745190634
1.162878603	0.83907038
1.182438788	0.904099239
1.191415606	0.928784428
1.299837622	0.994735074
1.281770375	0.984736957
1.424474841	1.127853695
1.43626024	1.160074527
1.448484892	1.140189803
1.347301272	1.04375175
1.288177003	1.021612892
1.268363003	0.976799542
1.145355671	0.829296075
0.978208993	0.688742024
1.021558188	0.690291025
0.967063357	0.675438336
0.812883548	0.528192435
0.743207883	0.479787917
0.628433224	0.339531729
0.690613503	0.390747449
0.588007097	0.262920351
0.419636428	0.149062428
0.295916365	0.013908963
0.277861069	-0.00933066
0.192911572	-0.098867745
0.14840738	-0.144695672
0.138241994	-0.175286703
0.073857443	-0.223718817
-0.058375066	-0.329964134
-0.075841756	-0.406119391
-0.193507165	-0.464133567
-0.133203662	-0.42276362
-0.301008442	-0.611347352
-0.238910041	-0.550029255
-0.148093865	-0.407260792
-0.135426396	-0.410759901
-0.1152568	-0.377971221
0.048018542	-0.226812107
0.053555925	-0.220386045
0.129539217	-0.121471189
0.266620353	-0.016848499
0.334367401	0.050651654
0.27184461	0.001002795
0.299220588	0.033982152
0.454728536	0.187914995
0.535450799	0.306781418
0.48607566	0.237126151
0.472596971	0.218971124
0.494243442	0.219950587
0.555982619	0.280839508
0.508352301	0.246641716
0.536296258	0.255094112
0.401952227	0.127964945
0.510407644	0.224974549
0.502807963	0.235821953
0.462133116	0.193047431
0.515121422	0.236087581
0.474950921	0.208305444
0.569951019	0.283102651
0.464680924	0.212253193
0.58068449	0.307214046
0.501735027	0.241034114
0.560939573	0.289129118
0.605597435	0.359781636
0.527983102	0.250066458
0.535863518	0.322640815
0.442408914	0.195474385
0.644935056	0.341451083
0.48377158	0.191048649
0.509795147	0.249386781
0.475764476	0.237500799
0.443768754	0.197571334
0.434410135	0.190813039
0.5576268	0.289720526
0.478132767	0.189127455
0.445545716	0.192739757
0.571275	0.317403743
0.513394517	0.262231202
0.561057698	0.282316845
0.467031029	0.219452323
0.514760778	0.255865442
0.514172389	0.282238489
0.542581896	0.276450502
0.584597365	0.358667862
0.498622682	0.239246055
0.495041168	0.264138385
0.625927388	0.314433438
0.574879277	0.321413495
0.40815571	0.176508316
0.50007339	0.256787516
0.515951166	0.243732142
0.52438725	0.277952908
0.519991868	0.305698952
0.564414148	0.303367949
0.579740481	0.339357637
0.530820972	0.305883026
0.571699583	0.300457242
0.579676174	0.333151061
0.52916691	0.308490894
0.49648269	0.222013647
0.557954216	0.294921324
0.421820939	0.207880409
0.591541294	0.347336365
0.442270769	0.187595924
0.489958864	0.266683419
0.546072374	0.300074557
0.529503661	0.294636784
0.624310343	0.391880396
0.517058772	0.301693317
0.531845952	0.26941203
0.575186152	0.330643622
0.475669204	0.242143601
0.568683917	0.330931828
0.578961686	0.317398074
0.514374461	0.286400436
0.494290186	0.276121968
0.488320907	0.248886483
0.464580739	0.21567324
0.512102769	0.289582407
0.554772755	0.350831178
0.472202733	0.277459036
0.599361028	0.393573574
0.529655115	0.271112279
0.670799908	0.423755576
0.486540938	0.283291448
0.546350712	0.324051476
0.623711114	0.392021784
0.594785498	0.383129176
0.515665244	0.284763145
0.570124377	0.360760533
0.470167823	0.269299819
0.444230873	0.240910681
0.59461935	0.360448507
0.454793527	0.242094543
0.435927792	0.222859223
0.547357388	0.327946769
0.605754831	0.405706381
0.610978148	0.402785331
0.504110703	0.27261469
0.592362929	0.35470408
0.615045843	0.398456161
0.633677183	0.41247799
0.647814489	0.447294697
0.659839153	0.454043174
0.629716155	0.423018279
0.53916109	0.314451932
0.601822193	0.393133893
0.563588174	0.327625888
0.655772608	0.463747707
0.712580653	0.494670674
0.51131555	0.312964794
0.671494581	0.460287091
0.619349312	0.406844018
0.572135341	0.405559522
0.595215969	0.39047525
0.69802037	0.503574469
0.712106033	0.465035764
0.673452339	0.445405031
0.680903226	0.477683451
0.707291189	0.512954876
0.625285899	0.424290604
0.643052406	0.433505148
0.737712668	0.513136978
0.76522035	0.563468204
0.771914431	0.552166193
0.685771147	0.489349768
0.658888466	0.43401415
0.581209137	0.388935051
0.64361675	0.465219856
0.796303615	0.573499091
0.713092603	0.495037032
0.730538656	0.542152687
0.721541583	0.535132375
0.636117919	0.410882554
0.771026999	0.580101673
0.815635076	0.61531058
0.727654102	0.508657801
0.752942064	0.557059125
0.641314137	0.465790566
0.718559765	0.529991815
0.819461386	0.602872716
0.737585602	0.558825439
0.669831126	0.454769403
0.623791347	0.435313121
0.657150345	0.485476832
0.64008825	0.467497441
0.680774479	0.472738907
0.731853082	0.535958468
0.674051256	0.479987239
0.707061928	0.548658788
0.671175255	0.45983694
0.636077944	0.451850469
0.689271212	0.49469954
0.685380332	0.472880482
0.59937166	0.437599069
0.558233625	0.365213515
0.542591179	0.385329743
0.613306618	0.468518835
0.669821301	0.461376602
0.540909292	0.357335898
0.623315546	0.43325342
0.610986444	0.450253086
0.54886374	0.361550402
0.530788734	0.366929162
0.661771377	0.473069346
0.483356993	0.322209665
0.614062878	0.428748313
0.683510322	0.45185215
0.506827976	0.313579186
0.563443958	0.396825497
0.515457509	0.344765978
0.552660924	0.408218847
0.559170665	0.382805345
0.516285331	0.321559858
0.631296748	0.435197868
0.593942719	0.434300347
0.552859015	0.373763363
0.608533692	0.431271897
0.5095005	0.337855118
0.499328902	0.343525656
0.502604739	0.347784825
0.568959611	0.400183315
0.539334742	0.379632877
0.66050807	0.501600435
0.580163142	0.402673108
0.615036574	0.434513076
0.599826713	0.43531779
0.596610186	0.42539378
0.605936821	0.416584694
0.622291181	0.470204259
0.521358591	0.35079201
0.664315932	0.491763485
0.602344202	0.445316484
0.511117827	0.354525669
0.628793009	0.468507865
0.618073304	0.473128188
0.689253493	0.500366405
0.553898874	0.394984229
0.641869394	0.498968887
0.58228061	0.431173426
0.531921194	0.345825847
0.501807566	0.381191451
0.633596168	0.467474401
0.68373806	0.511647887
0.533180237	0.363842412
0.544788554	0.418441207
0.581174755	0.39216171
0.666429744	0.519986707
0.539903498	0.382195956
0.633468724	0.494575286
0.54744197	0.397771343
0.591408105	0.468833944
0.506855298	0.364787315
0.639679175	0.507013833
0.465488462	0.322854857
0.604388655	0.450125735
0.604073261	0.456050222
0.560177298	0.394964943
0.536362788	0.388677062
0.558826282	0.46846741
0.521594704	0.38718943
0.604552487	0.438588124
0.46396768	0.30001166
0.519949388	0.337947523
0.567589922	0.440762344
0.667708353	0.49989775
0.506300774	0.362524821
0.63378484	0.479933361
0.617109172	0.471716162
0.565621851	0.418576571
0.590089632	0.447803767
0.687858474	0.55956565
0.469847248	0.380970949
0.586995186	0.476004975
0.567569138	0.463377534
0.594973222	0.470104239
0.53921225	0.454705976
0.610170377	0.470069454
0.596310063	0.444433038
0.475281352	0.373327027
0.558507265	0.429799191
0.591965613	0.471722137
0.594218458	0.473939311
0.637293758	0.492182821
0.697958779	0.574048268
0.497581538	0.381293469
0.604056709	0.499020525
0.601269175	0.472791465
0.596656825	0.465100627
0.560480963	0.433343138
0.594013692	0.462623749
0.642302276	0.504018092
0.635819052	0.49231073
0.502188257	0.391716526
0.641631471	0.518310538
0.616483653	0.486475707
0.690947438	0.569711411
0.546716705	0.420381067
0.539220089	0.440897911
0.520944263	0.39039066
0.586863631	0.479180616
0.642829161	0.529757215
0.611966186	0.457051532
0.569640221	0.456044932
0.588885604	0.468267013
0.540320517	0.475972504
0.667026286	0.536175803
0.631254828	0.486794737
0.551408958	0.462867147
0.62619724	0.519733726
0.516147238	0.420778098
0.589285713	0.51993124
0.562260213	0.480675094
0.706106848	0.598968317
0.568266	0.460559311
0.635550467	0.515179612
0.599855381	0.500893267
0.540367459	0.441961076
0.676194764	0.540776334
0.475675716	0.386685917
0.48835752	0.401694435
0.54671154	0.434520267
